receptor = receptor.pdbqt
size_x = 21.994
size_y = 15
size_z = 15
center_x = -2.575684210526316
center_y = 48.99157894736842
center_z = 2.0989473684210522
