receptor = receptor.pdbqt
size_x = 22.054
size_y = 15
size_z = 15
center_x = -2.5842105263157893
center_y = 49.18994736842105
center_z = 2.058105263157895
