receptor = receptor.pdbqt
size_x = 24.0
size_y = 15.307999999999996
size_z = 15.844000000000001
center_x = 15.854615384615386
center_y = -13.628256410256409
center_z = 21.83176923076924
