receptor = receptor.pdbqt
size_x = 21.591999999999995
size_y = 15
size_z = 15
center_x = 16.285552631578945
center_y = -12.094368421052629
center_z = 22.108921052631576
