receptor = receptor.pdbqt
size_x = 16.031999999999996
size_y = 18.441999999999997
size_z = 18.298000000000002
center_x = -45.20286666666667
center_y = 14.856066666666663
center_z = 41.853133333333325
