receptor = receptor.pdbqt
size_x = 19.827999999999996
size_y = 24.445999999999998
size_z = 25.869999999999997
center_x = 19.383863636363643
center_y = -8.095651515151511
center_z = 13.189651515151512
