receptor = receptor.pdbqt
size_x = 15
size_y = 15
size_z = 27.735999999999997
center_x = 50.188500000000005
center_y = -3.0106818181818182
center_z = 31.75027272727273
