receptor = receptor.pdbqt
size_x = 15
size_y = 15
size_z = 28.708000000000002
center_x = 19.199269230769232
center_y = -8.083769230769231
center_z = -4.589153846153846
