receptor = receptor.pdbqt
size_x = 18.730000000000004
size_y = 15
size_z = 16.131999999999998
center_x = 66.42918181818182
center_y = 29.645227272727276
center_z = 1.3185
