receptor = receptor.pdbqt
size_x = 19.78
size_y = 15
size_z = 19.296
center_x = 9.60342857142857
center_y = 13.729428571428572
center_z = -24.06392857142858
