receptor = receptor.pdbqt
size_x = 16.202000000000005
size_y = 15
size_z = 24.32
center_x = 26.634791666666672
center_y = 0.7746666666666666
center_z = 33.14104166666667
