receptor = receptor.pdbqt
size_x = 25.172000000000004
size_y = 15
size_z = 18.466
center_x = 21.8896
center_y = -18.4201
center_z = 0.7354000000000002
